 1
 5,49.122807,55.701756
 10,67.76316,80.04386
 20,89.692986,75.2193
 30,91.447365,89.692986
 40,92.10526,93.42105
 50,91.88596,90.13158
 80,89.91228,91.88596
 60,91.88596,89.25439
 70,91.88596,89.692986
 100,90.789474,92.32456
 200,89.25439,90.13158
 300,91.447365,91.88596
 500,92.10526,90.13158
 
 0.1
 10,83.552635,53.070175
 20,87.2807,86.18421
 30,89.91228,76.97369
 50,91.22807,90.13158
 60,91.00877,89.47369
 80,91.00877,90.570175
 100,89.47369,90.789474
 200,90.570175,91.666664
 300,90.13158,89.692986
 500,90.789474,91.22807
 
 0.01
 10,57.894737,52.41228
 20,78.72807,68.85965
 30,83.99123,83.99123
 50,87.5,85.08772
 80,86.40351,85.52631
 100,87.0614,84.86842
 200,87.5,85.52631
 500,87.2807,84.649124
 1000,85.307014,84.429825
 
5
10,51.973682,50.438595
20,90.350876,78.947365
30,90.570175,91.00877
40,91.447365,81.14035
50,91.00877,90.13158
60,90.13158,89.91228
70,91.00877,88.81579
80,90.13158,90.13158
100,90.13158,90.350876
200,91.00877,88.81579

10
10,56.798244,61.842106
20,90.350876,90.570175
50,92.32456,90.789474
80,92.32456,90.789474


 