 1
 5,28.870293,34.937237
 10,51.882847,42.887028
 20,84.30962,58.577404
 30,87.656906,87.238495
 40,90.167366,88.07532
 50,89.748955,89.748955
 60,89.33054,89.33054
 80,89.53975,89.95816
 100,90.794975,88.91213
 150,90.37657,89.12134
 200,89.53975,89.33054
 300,89.748955,88.07532
 500,90.58578,89.12134
 
0.1
10,57.94979,59.414227
20,84.10042,57.112972
30,82.63599,82.217575
40,87.656906,86.61088
50,87.4477,86.61088
70,88.91213,87.86611
100,87.86611,87.4477
200,89.33054,85.774055
500,89.12134,86.61088

0.01
10,66.736404,47.07113
20,75.313805,74.267784
30,79.707115,76.56904
40,85.35565,78.242676
50,86.61088,82.217575
80,84.728035,82.84519
100,85.35565,83.89121
200,83.68201,83.05439
500,86.19247,82.63599
1000,86.40167,82.42678

10
10,65.271965,37.656902
20,71.54812,81.17155
30,89.33054,88.07532
40,89.53975,88.284515
50,89.748955,89.12134
80,89.748955,89.95816
100,89.53975,88.284515

0.001
20,70.9205,67.36401
50,78.66109,73.64017
100,80.96234,78.45188
200,83.68201,79.288704
300,83.263596,81.17155
400,83.05439,79.91632
500,84.10042,80.334724
800,82.00837,79.49791
600,82.63599,81.58996
1000,82.42678,80.12553





 